acc :  0.9671428728103637
auc :  0.9889673709869384
precision :  0.9664828728103638
recall :  0.9395428728103637
loss :  0.259250835577646892

conf mat : [[90,5], [3, 102]]